0.07576847076416016
0.07555103302001953
0.0754537582397461
0.0757143497467041
0.07616639137268066
0.0751335620880127
0.07524228096008301
0.07696008682250977
0.07528424263000488
0.07538223266601562
0.07540392875671387
0.07618832588195801
0.07541465759277344
0.0755772590637207
0.07536005973815918
0.07644248008728027
0.0752401351928711
0.07828950881958008
0.07531905174255371
0.07545733451843262
0.07542920112609863
0.07543659210205078
0.07670092582702637
0.07564067840576172
0.07563948631286621
0.07552504539489746
0.07544589042663574
0.07537531852722168
0.07539534568786621
0.07562780380249023
0.07571935653686523
0.07545351982116699
0.07555937767028809
0.07554936408996582
0.0753781795501709
0.07553768157958984
0.07542991638183594
0.07576537132263184
0.07545232772827148
0.07544875144958496
0.07552099227905273
0.07565927505493164
0.07605648040771484
0.07545304298400879
0.07548213005065918
0.07546734809875488
0.07535982131958008
0.07555961608886719
0.07548069953918457
0.07520794868469238
0.07516264915466309
0.0757589340209961
0.07521200180053711
0.07527017593383789
0.07525944709777832
0.07587361335754395
0.07516098022460938
0.07565593719482422
0.07539677619934082
0.07521867752075195
0.07518792152404785
0.07517504692077637
0.07543301582336426
0.07526850700378418
0.0752859115600586
0.07539558410644531
0.07509756088256836
0.07506084442138672
0.0751645565032959
0.07504534721374512
0.07503151893615723
0.07529950141906738
0.07563328742980957
0.07544469833374023
0.07527017593383789
0.07516741752624512
0.0755300521850586
0.07506752014160156
0.0750877857208252
0.07560253143310547
0.07596158981323242
0.07528209686279297
0.07550168037414551
0.07535219192504883
0.07538986206054688
0.07512044906616211
0.07512569427490234
0.07543659210205078
0.07542300224304199
0.07564711570739746
0.07555747032165527
0.07528448104858398
0.0753016471862793
0.07545757293701172
0.07543325424194336
0.07519841194152832
0.07628202438354492
0.07573366165161133
0.07512283325195312
0.07522439956665039
0.07501697540283203
0.0752406120300293
0.07517266273498535
0.07552361488342285
0.07559990882873535
0.07531952857971191
0.07544469833374023
0.0753023624420166
0.07527875900268555
0.0750887393951416
0.07510781288146973
0.07550048828125
0.08394026756286621
0.07602262496948242
0.07558894157409668
0.07807087898254395
0.07535123825073242
0.07527709007263184
0.07503914833068848
0.07536578178405762
0.07512545585632324
0.07598757743835449
0.07567071914672852
0.07542586326599121
0.08629035949707031
0.07531094551086426
0.07510519027709961
0.07558894157409668
0.0750126838684082
0.07544183731079102
0.07526206970214844
0.07534575462341309
0.07531070709228516
0.07512807846069336
0.07541513442993164
0.07527709007263184
0.07521533966064453
0.07566165924072266
0.0753014087677002
0.07533597946166992
0.07517576217651367
0.07526707649230957
0.07536840438842773
0.07519793510437012
0.07538890838623047
0.0752871036529541
0.07581138610839844
0.07552218437194824
0.07518339157104492
0.07751584053039551
0.07843852043151855
0.07542228698730469
0.07518815994262695
0.07521796226501465
0.07518887519836426
0.07529759407043457
0.07554125785827637
0.07513570785522461
0.07552981376647949
0.07544970512390137
0.07526564598083496
0.07551217079162598
0.0750880241394043
0.07522153854370117
0.0751042366027832
0.07530617713928223
0.07556700706481934
0.07555246353149414
0.07543444633483887
0.07531380653381348
0.07566380500793457
0.07537150382995605
0.07513165473937988
0.0751950740814209
0.07550501823425293
0.07522010803222656
0.07514333724975586
0.07628750801086426
0.07538151741027832
0.07526993751525879
0.07534360885620117
0.07514142990112305
0.07537508010864258
0.07552051544189453
0.07526111602783203
0.07509708404541016
0.07539939880371094
0.0753014087677002
0.07515573501586914
0.07511496543884277
0.07507610321044922
0.07509970664978027
0.07514190673828125
0.07560992240905762
0.07524847984313965
0.07514309883117676
0.07522130012512207
0.07534337043762207
0.07509326934814453
0.07526779174804688
0.07527637481689453
0.07521653175354004
0.07516336441040039
0.07509922981262207
0.0752561092376709
0.07603311538696289
0.07536053657531738
0.07520413398742676
0.0752863883972168
0.07516121864318848
0.07573580741882324
0.07557249069213867
0.07528162002563477
0.07556867599487305
0.07565832138061523
0.07559895515441895
0.0754857063293457
0.07509112358093262
0.07553482055664062
0.07529759407043457
0.07560133934020996
0.07535171508789062
0.07513666152954102
0.07508563995361328
0.0751199722290039
0.0757908821105957
0.07549118995666504
0.07517194747924805
0.07563638687133789
0.07518458366394043
0.07503223419189453
0.0751190185546875
0.07537651062011719
0.07546615600585938
0.07531380653381348
0.07536625862121582
0.0751640796661377
0.0752255916595459
0.07524323463439941
0.07552695274353027
0.07529187202453613
0.07513236999511719
0.0751044750213623
0.07540106773376465
0.075469970703125
0.07536602020263672
0.07510185241699219
0.07520461082458496
0.07511520385742188
0.07544398307800293
0.07519173622131348
0.07518815994262695
0.07545804977416992
0.07517600059509277
0.0751800537109375
0.07533931732177734
0.07536005973815918
0.0753324031829834
0.07547950744628906
0.07515907287597656
0.07510662078857422
0.07509112358093262
0.07537031173706055
0.07516050338745117
0.07543182373046875
0.07495427131652832
0.07520675659179688
0.07499098777770996
0.07507014274597168
0.07515168190002441
0.07506370544433594
0.07519412040710449
0.07509350776672363
0.07531094551086426
0.07510828971862793
0.07563209533691406
0.07522320747375488
0.0754239559173584
0.07501530647277832
0.0763392448425293
0.07514357566833496
0.0750584602355957
0.07509016990661621
0.07509589195251465
0.0752406120300293
0.07510638236999512
0.07510733604431152
0.07511401176452637
0.07500290870666504
0.0752105712890625
0.07527017593383789
0.0749814510345459
0.07500195503234863
0.07815957069396973
0.07523989677429199
0.07506060600280762
0.07513093948364258
0.07519364356994629
0.07523608207702637
0.07530450820922852
0.07512211799621582
0.07520222663879395
0.07533836364746094
0.07515168190002441
0.07518839836120605
0.07520461082458496
0.07535362243652344
0.07504677772521973
0.07511043548583984
0.07494211196899414
0.07525420188903809
0.07505226135253906
0.07502079010009766
0.07553577423095703
0.07522392272949219
0.07540392875671387
0.07528471946716309
0.07526206970214844
0.07513952255249023
0.07532119750976562
0.07554125785827637
0.07579779624938965
0.0752553939819336
0.07532930374145508
0.07541465759277344
0.07531189918518066
0.07498764991760254
0.07519292831420898
0.07532143592834473
0.07527589797973633
0.07537484169006348
0.07517313957214355
0.07512664794921875
0.07625102996826172
0.07786369323730469
0.07619333267211914
0.07517170906066895
0.07544088363647461
0.0754709243774414
0.07538390159606934
0.0753929615020752
0.0753166675567627
0.07539010047912598
0.07521915435791016
0.07519197463989258
0.07569384574890137
0.07571005821228027
0.07552766799926758
0.07535171508789062
0.07538008689880371
0.07532453536987305
0.07539963722229004
0.0752108097076416
0.07545804977416992
0.07535839080810547
0.07533431053161621
0.07557559013366699
0.07570624351501465
0.0756995677947998
0.07589936256408691
0.07537221908569336
0.07536935806274414
0.07515311241149902
0.07520151138305664
0.07552671432495117
0.07510709762573242
0.07561063766479492
0.07518362998962402
0.07529473304748535
0.07536911964416504
0.07521224021911621
0.07527589797973633
0.07547712326049805
0.07536840438842773
0.0756080150604248
0.0751032829284668
0.07526326179504395
0.07544183731079102
0.07529306411743164
0.07733488082885742
0.07542109489440918
0.07615971565246582
0.07532644271850586
0.07524394989013672
0.07544636726379395
0.07524251937866211
0.07565999031066895
0.07550430297851562
0.07554149627685547
0.07518672943115234
0.0755929946899414
0.07529258728027344
0.07513666152954102
0.07573890686035156
0.07539987564086914
0.07518386840820312
0.07527923583984375
0.07529211044311523
0.07520508766174316
0.07530832290649414
0.0753622055053711
0.07510662078857422
0.07521891593933105
0.07528424263000488
0.07516622543334961
0.07505226135253906
0.0753636360168457
0.07538604736328125
0.07550764083862305
0.07543373107910156
0.07555198669433594
0.07518649101257324
0.07511520385742188
0.0753777027130127
0.07547736167907715
0.07519698143005371
0.07548403739929199
0.07540440559387207
0.07512354850769043
0.07549095153808594
0.07535028457641602
0.07557439804077148
0.07552671432495117
0.07520365715026855
0.07550597190856934
0.07525038719177246
0.07542657852172852
0.07536697387695312
0.07531070709228516
0.07530593872070312
0.07510948181152344
0.07569408416748047
0.07529950141906738
0.0752108097076416
0.0759434700012207
0.07543182373046875
0.07532238960266113
0.07534027099609375
0.07531261444091797
0.07568645477294922
0.07623744010925293
0.07542729377746582
0.07521462440490723
0.07538104057312012
0.07518315315246582
0.07567429542541504
0.07525777816772461
0.07518982887268066
0.07567548751831055
0.0753777027130127
0.07528901100158691
0.0755472183227539
0.07537317276000977
0.07530856132507324
0.07542705535888672
0.07518339157104492
0.07532596588134766
0.07542943954467773
0.07533669471740723
0.0754857063293457
0.07528495788574219
0.07523107528686523
0.0755927562713623
0.0753028392791748
0.0753781795501709
0.07513999938964844
0.07570576667785645
0.07541370391845703
0.07542634010314941
0.0753171443939209
0.07525444030761719
0.0755300521850586
0.07551050186157227
0.07538628578186035
0.07548093795776367
0.0754389762878418
0.07543563842773438
0.0751485824584961
0.07512712478637695
0.07522034645080566
0.0752706527709961
0.07565975189208984
0.07580089569091797
0.07512021064758301
0.07541108131408691
0.07562923431396484
0.07568883895874023
0.07529139518737793
0.07544589042663574
0.07558465003967285
0.0754232406616211
0.07540130615234375
0.07528066635131836
0.07532072067260742
0.07550644874572754
0.07536959648132324
0.07534670829772949
0.07674098014831543
0.07554483413696289
0.07534384727478027
0.07548689842224121
0.07546448707580566
0.07536983489990234
0.07516193389892578
0.07559514045715332
0.07539534568786621
0.0752871036529541
0.07533407211303711
0.07541179656982422
0.07541298866271973
0.07534909248352051
0.07534170150756836
0.07538795471191406
0.07535409927368164
0.07526731491088867
0.07592225074768066
0.07548332214355469
0.07533144950866699
0.0765688419342041
0.0754549503326416
0.07556533813476562
0.07540297508239746
0.07557439804077148
0.07516932487487793
0.07530450820922852
0.07532453536987305
0.07544255256652832
0.07538819313049316
0.07549524307250977
0.07567405700683594
0.07556653022766113
0.07550168037414551
0.07556653022766113
0.07550835609436035
0.07526183128356934
0.0879206657409668
0.07542157173156738
0.07541608810424805
0.0754849910736084
0.07558083534240723
0.07550644874572754
0.07563638687133789
0.07528901100158691
0.07538795471191406
0.07557296752929688
0.07555627822875977
0.07560896873474121
0.0754241943359375
0.07553315162658691
0.07555222511291504
0.07546091079711914
0.07553839683532715
0.07562923431396484
0.07542276382446289
0.07553625106811523
0.07529664039611816
0.07547521591186523
0.07542181015014648
0.07547521591186523
0.07573699951171875
0.07603883743286133
0.07557559013366699
0.07611083984375
0.07561326026916504
0.07576227188110352
0.0753321647644043
0.0753622055053711
0.07546234130859375
0.07552409172058105
0.0754549503326416
0.07545685768127441
0.07533621788024902
0.08083152770996094
0.07546710968017578
0.07533693313598633
0.07523560523986816
0.0759284496307373
0.0755927562713623
0.07565808296203613
0.07565951347351074
0.07552170753479004
0.07540464401245117
0.07577657699584961
0.07556462287902832
0.0756230354309082
0.07693076133728027
0.07541251182556152
0.0755774974822998
0.0753486156463623
0.0752720832824707
0.0754845142364502
0.07555556297302246
0.07549285888671875
0.07572269439697266
0.07574796676635742
0.07572770118713379
0.07547760009765625
0.07558321952819824
0.07576489448547363
0.07564878463745117
0.0753324031829834
0.07530379295349121
0.07532787322998047
0.07558083534240723
0.07548284530639648
0.07573461532592773
0.07546281814575195
0.07568573951721191
0.07534623146057129
0.07527852058410645
0.07550764083862305
0.07538723945617676
0.0754399299621582
0.07557058334350586
0.07530689239501953
0.07534146308898926
0.07553648948669434
0.07544279098510742
0.07535076141357422
0.07531237602233887
0.07552671432495117
0.0753788948059082
0.07545757293701172
0.07523107528686523
0.07512617111206055
0.07540154457092285
0.07544326782226562
0.0755150318145752
0.07545042037963867
0.07538938522338867
0.07556557655334473
0.0753927230834961
0.07536530494689941
0.07542538642883301
0.07534933090209961
0.07574892044067383
0.07551002502441406
0.07523250579833984
0.07518362998962402
0.07543110847473145
0.07546877861022949
0.07527422904968262
0.07515931129455566
0.07541346549987793
0.07563400268554688
0.07524919509887695
0.07522010803222656
0.07558393478393555
0.07541942596435547
0.07613277435302734
0.07561326026916504
0.07582449913024902
0.07567763328552246
0.07555294036865234
0.07543110847473145
0.0762479305267334
0.07546019554138184
0.07542204856872559
0.07541847229003906
0.07571935653686523
0.07557296752929688
0.07539248466491699
0.07542777061462402
0.07567787170410156
0.07561779022216797
0.07558369636535645
0.07559585571289062
0.07569670677185059
0.07737421989440918
0.07533669471740723
0.07548666000366211
0.07544755935668945
0.07565093040466309
0.07553625106811523
0.07534456253051758
0.07507038116455078
0.07509374618530273
0.07542300224304199
0.07514452934265137
0.0752096176147461
0.07497143745422363
0.07502317428588867
0.07531046867370605
0.07534909248352051
0.0751345157623291
0.07526421546936035
0.07528996467590332
0.07552051544189453
0.07526755332946777
0.07539629936218262
0.07497477531433105
0.07541537284851074
0.07514190673828125
0.07512187957763672
0.07535219192504883
0.07519412040710449
0.07529854774475098
0.07544398307800293
0.07500386238098145
0.07505130767822266
0.07505583763122559
0.07527685165405273
0.0752098560333252
0.07523989677429199
0.07526946067810059
0.07539010047912598
0.0752875804901123
0.07532787322998047
0.07533884048461914
0.07512140274047852
0.0752406120300293
0.07520508766174316
0.07509231567382812
0.0750875473022461
0.07508707046508789
0.07519650459289551
0.0751500129699707
0.07515907287597656
0.07519388198852539
0.07535648345947266
0.07509112358093262
0.07542085647583008
0.0751497745513916
0.07555389404296875
0.07517290115356445
0.07512044906616211
0.07525300979614258
0.07503914833068848
0.07506012916564941
0.07519865036010742
0.07531332969665527
0.0750739574432373
0.07671689987182617
0.0752570629119873
0.0751044750213623
0.07510638236999512
0.07503509521484375
0.07520198822021484
0.07537317276000977
0.0752403736114502
0.07564520835876465
0.07529807090759277
0.07524466514587402
0.07516217231750488
0.07521224021911621
0.07538199424743652
0.07529759407043457
0.07535433769226074
0.07526445388793945
0.0750730037689209
0.07524323463439941
0.07500362396240234
0.07532238960266113
0.07546353340148926
0.07507514953613281
0.07507443428039551
0.07524728775024414
0.07507872581481934
0.07515645027160645
0.07515954971313477
0.07536840438842773
0.07521271705627441
0.07502579689025879
0.07527494430541992
0.07529854774475098
0.07607603073120117
0.07518911361694336
0.07532835006713867
0.07515573501586914
0.07517862319946289
0.07538890838623047
0.0751340389251709
0.0752718448638916
0.07535576820373535
0.07547783851623535
0.07500767707824707
0.07512235641479492
0.07659435272216797
0.07565522193908691
0.07529044151306152
0.07532691955566406
0.0755462646484375
0.07542943954467773
0.07610702514648438
0.0757451057434082
0.0758814811706543
0.0756230354309082
0.07555127143859863
0.07529234886169434
0.07523918151855469
0.07524251937866211
0.07533860206604004
0.07534456253051758
0.07577681541442871
0.07642912864685059
0.07571578025817871
0.07537412643432617
0.07616114616394043
0.07558155059814453
0.07552671432495117
0.0765535831451416
0.07549166679382324
0.07539701461791992
0.0752708911895752
0.07515406608581543
0.07562899589538574
0.07550930976867676
0.07529520988464355
0.07649040222167969
0.0787053108215332
0.07670783996582031
0.07528901100158691
0.07539725303649902
0.07541704177856445
0.07556295394897461
0.07552313804626465
0.07526135444641113
0.07536029815673828
0.07517480850219727
0.07556700706481934
0.07546305656433105
0.07554364204406738
0.07623410224914551
0.07522010803222656
0.07526731491088867
0.0754842758178711
0.07528305053710938
0.07559919357299805
0.07520723342895508
0.07557272911071777
0.0751497745513916
0.07530641555786133
0.07526493072509766
0.07544827461242676
0.07534337043762207
0.07540273666381836
0.07525205612182617
0.0754086971282959
0.07525181770324707
0.07528209686279297
0.07537698745727539
0.07523560523986816
0.07501435279846191
0.07527971267700195
0.07526350021362305
0.07550239562988281
0.07500386238098145
0.07549214363098145
0.07505464553833008
0.07519364356994629
0.0753791332244873
0.07513976097106934
0.07526636123657227
0.07535099983215332
0.07538938522338867
0.07528495788574219
0.07543134689331055
0.07535791397094727
0.0752720832824707
0.07542896270751953
0.07555723190307617
0.07574748992919922
0.0751044750213623
0.07536935806274414
0.07525515556335449
0.07515168190002441
0.07517790794372559
0.07527899742126465
0.07588958740234375
0.07553315162658691
0.07530546188354492
0.07523512840270996
0.07527303695678711
0.07506608963012695
0.07513117790222168
0.07500243186950684
0.08208990097045898
0.07514119148254395
0.07517313957214355
0.07540464401245117
0.07528519630432129
0.07541108131408691
0.07495927810668945
0.07545018196105957
0.07543730735778809
0.0752553939819336
0.07506275177001953
0.07511520385742188
0.07837963104248047
0.07546854019165039
0.07553935050964355
0.0750877857208252
0.07649731636047363
0.07623553276062012
0.07502245903015137
0.07524323463439941
0.07529592514038086
0.0749976634979248
0.07508254051208496
0.07518434524536133
0.0752248764038086
0.07500934600830078
0.07524704933166504
0.07534503936767578
0.0783839225769043
0.07559347152709961
0.07538628578186035
0.07520627975463867
0.07503581047058105
0.07528972625732422
0.07510757446289062
0.07518529891967773
0.0753016471862793
0.07525515556335449
0.0753319263458252
0.07551145553588867
0.07492923736572266
0.0749974250793457
0.07488107681274414
0.07527852058410645
0.07536745071411133
0.0753936767578125
0.07562136650085449
0.07539224624633789
0.0753471851348877
0.07558035850524902
0.07540011405944824
0.0752098560333252
0.07547926902770996
0.07516050338745117
0.0754401683807373
0.07622432708740234
0.07521820068359375
0.07516336441040039
0.07531571388244629
0.07532501220703125
0.07527327537536621
0.07580924034118652
0.07555961608886719
0.07507586479187012
0.0753777027130127
0.07548141479492188
0.07522916793823242
0.07512116432189941
0.07558441162109375
0.07529163360595703
0.0754845142364502
0.07534241676330566
0.0755302906036377
0.07534646987915039
0.07518863677978516
0.07512497901916504
0.07533597946166992
0.07537579536437988
0.07516002655029297
0.07562375068664551
0.07530665397644043
0.07525110244750977
0.0752401351928711
0.07524991035461426
0.07531285285949707
0.07527947425842285
0.07516789436340332
0.07517862319946289
0.0752556324005127
0.07540011405944824
0.07557964324951172
0.07546162605285645
0.07539081573486328
0.07555294036865234
0.07561278343200684
0.07548832893371582
0.07516121864318848
0.07525777816772461
0.07531309127807617
0.07518601417541504
0.07589197158813477
0.0754246711730957
0.07527899742126465
0.07523369789123535
0.07550573348999023
0.07545804977416992
0.07526564598083496
0.07545852661132812
0.07515835762023926
0.07546043395996094
0.0757913589477539
0.07532262802124023
0.07507562637329102
0.07519006729125977
0.07511687278747559
0.07537174224853516
0.07540392875671387
0.07794523239135742
0.07733345031738281
0.07535719871520996
0.07528424263000488
0.07564783096313477
0.0758216381072998
0.07534074783325195
0.07562398910522461
0.07581686973571777
0.07584762573242188
0.07680010795593262
0.07539200782775879
0.07634115219116211
0.07586288452148438
0.07522749900817871
0.07530045509338379
0.075958251953125
0.07594752311706543
0.07589530944824219
0.07587623596191406
0.07561206817626953
0.07570719718933105
0.07584691047668457
0.0760807991027832
0.07575392723083496
0.07556843757629395
0.0755915641784668
0.0755453109741211
0.07568144798278809
0.07531118392944336
0.07539677619934082
0.0755000114440918
0.07577848434448242
0.07537841796875
0.07549405097961426
0.07548236846923828
0.07539725303649902
0.07548260688781738
0.07541465759277344
0.07550191879272461
0.07563567161560059
0.0753936767578125
0.07516765594482422
0.07514715194702148
0.07516217231750488
0.07547521591186523
0.07532286643981934
0.07526063919067383
0.07519769668579102
0.07517099380493164
0.07520127296447754
0.07517075538635254
0.07526636123657227
0.0752415657043457
0.07532906532287598
0.0752863883972168
0.07523536682128906
0.07519149780273438
0.0753474235534668
0.07526588439941406
0.07554364204406738
0.07528066635131836
0.07526779174804688
0.07532477378845215
0.07556819915771484
0.07518696784973145
0.07542991638183594
0.07522106170654297
0.07522130012512207
0.07522106170654297
0.07571983337402344
0.07537698745727539
0.07552027702331543
0.07744812965393066
0.07556796073913574
0.07558822631835938
0.07542276382446289
0.07553505897521973
0.07540702819824219
0.07557892799377441
0.07533621788024902
0.07540273666381836
0.07541131973266602
0.07557368278503418
0.07510137557983398
0.07551884651184082
0.07576656341552734
0.07532930374145508
0.07647132873535156
0.07519412040710449
0.07509422302246094
0.07520627975463867
0.07530069351196289
0.07541346549987793
0.07538437843322754
0.07535219192504883
0.07546472549438477
0.07567596435546875
0.0756371021270752
0.07543468475341797
0.07552194595336914
0.07526564598083496
0.07546567916870117
0.07544064521789551
0.07570886611938477
0.07533812522888184
0.07520747184753418
0.07516074180603027
0.07548785209655762
0.07548236846923828
0.07546353340148926
0.07523679733276367
0.07522320747375488
0.0753931999206543
0.07525634765625
0.0754237174987793
0.07546329498291016
0.07549548149108887
0.07547450065612793
0.07551026344299316
0.07538461685180664
0.07548809051513672
0.07559823989868164
0.07559704780578613
0.07530522346496582
0.0754091739654541
0.07533740997314453
0.07529497146606445
0.07531595230102539
0.07534217834472656
0.0754387378692627
0.07541680335998535
0.07531428337097168
0.07534003257751465
0.07548093795776367
0.0755157470703125
0.07534980773925781
0.07752060890197754
0.07539129257202148
0.07531023025512695
0.07559990882873535
0.0755758285522461
0.07525873184204102
0.07529997825622559
0.07561850547790527
0.07552194595336914
0.07533574104309082
0.0756230354309082
0.07548308372497559
0.0756843090057373
0.0751349925994873
0.07528567314147949
0.07558035850524902
0.0753471851348877
0.07513976097106934
0.07535505294799805
0.07515287399291992
0.07736611366271973
0.07591104507446289
0.07540726661682129
0.07520437240600586
0.07544636726379395
0.0753774642944336
0.07523584365844727
0.07544898986816406
0.0753018856048584
0.07540154457092285
0.07547593116760254
0.07516813278198242
0.07526874542236328
0.07520723342895508
0.07538580894470215
0.07555460929870605
0.07542252540588379
0.07541584968566895
0.07534384727478027
0.07525515556335449
0.07540631294250488
0.07592344284057617
0.07549810409545898
0.07541728019714355
0.07531428337097168
0.07534623146057129
0.07527017593383789
0.07542610168457031
0.07557272911071777
0.0753774642944336
0.07549214363098145
0.07580184936523438
0.07549405097961426
0.0755467414855957
0.07541728019714355
0.07537102699279785
0.07568812370300293
0.07552886009216309
0.07529973983764648
0.07581377029418945
0.07571935653686523
0.07569217681884766
0.0754232406616211
0.07539963722229004
0.07541704177856445
0.07530713081359863
0.07527732849121094
0.07531309127807617
0.07563400268554688
0.07541680335998535
0.07570075988769531
0.07559347152709961
0.07565450668334961
0.07556891441345215
0.07537722587585449
0.07539582252502441
0.07634687423706055
0.0759124755859375
0.0752558708190918
0.07539224624633789
0.07555532455444336
0.07610607147216797
0.07550048828125
0.07536625862121582
0.07547354698181152
0.07556343078613281
0.07538962364196777
0.07540583610534668
0.07548236846923828
0.07547426223754883
0.07526946067810059
0.07528281211853027
0.0753178596496582
0.07544279098510742
0.07528805732727051
0.07520055770874023
0.0752096176147461
0.07558655738830566
0.07521915435791016
0.07535362243652344
0.07529759407043457
0.07531332969665527
0.07512974739074707
0.0753941535949707
0.07550787925720215
0.0777273178100586
0.07536101341247559
0.07551956176757812
0.07544302940368652
0.07524585723876953
0.07542800903320312
0.0752408504486084
0.0752713680267334
0.0757598876953125
0.0758063793182373
0.07574987411499023
0.07574200630187988
0.07548356056213379
0.07575178146362305
0.07517313957214355
0.07549238204956055
0.0755915641784668
0.07583427429199219
0.07550191879272461
0.07572507858276367
0.07563400268554688
0.07566404342651367
0.07552695274353027
0.07567429542541504
0.07534265518188477
0.07553768157958984
0.07577300071716309
0.07578039169311523
0.07543134689331055
0.07582807540893555
0.07515597343444824
0.07546854019165039
0.0753633975982666
0.07569122314453125
0.07549476623535156
0.0757296085357666
0.07547688484191895
0.07553839683532715
0.07523989677429199
0.07558536529541016
0.07529163360595703
0.07558655738830566
0.07542943954467773
0.07558465003967285
0.07556796073913574
0.07568097114562988
0.0751192569732666
0.07537317276000977
0.07563519477844238
0.07573676109313965
0.07549071311950684
0.07599043846130371
0.07570004463195801
0.07592010498046875
0.07553339004516602
0.07554769515991211
0.07562661170959473
0.07573294639587402
0.07581377029418945
0.07581615447998047
0.07537484169006348
0.07570934295654297
0.0754246711730957
0.0756838321685791
0.07557153701782227
0.07562255859375
0.07530498504638672
0.07555246353149414
0.07529687881469727
0.07555007934570312
0.07550263404846191
0.07562923431396484
0.07552146911621094
0.07620048522949219
0.07686233520507812
0.07670021057128906
0.07566070556640625
0.07577276229858398
0.07661962509155273
0.07797646522521973
0.07530808448791504
0.07566237449645996
0.07556509971618652
0.07778573036193848
0.07544708251953125
0.0756227970123291
0.07551407814025879
0.07552123069763184
0.07524347305297852
0.07531571388244629
0.07536602020263672
0.07528114318847656
0.07532429695129395
0.07516646385192871
0.07534933090209961
0.07539772987365723
0.07536530494689941
0.07558560371398926
0.0753633975982666
0.07555198669433594
0.0754690170288086
0.07523989677429199
0.07569527626037598
0.07576918601989746
0.07587122917175293
0.07522296905517578
0.07538580894470215
0.07526516914367676
0.07536673545837402
0.07548713684082031
0.0753793716430664
0.07536673545837402
0.07549762725830078
0.07587265968322754
0.07533860206604004
0.07544136047363281
0.07519936561584473
0.07551765441894531
0.07540655136108398
0.07551360130310059
0.07533025741577148
0.07542204856872559
0.07559800148010254
0.07564067840576172
0.07560348510742188
0.07538127899169922
0.07510972023010254
0.07520890235900879
0.07559943199157715
0.07526826858520508
0.07560300827026367
0.07553696632385254
0.0752415657043457
0.07568168640136719
0.07557272911071777
0.07527565956115723
0.07523036003112793
0.07523965835571289
0.07555961608886719
0.07582378387451172
0.07540202140808105
0.07575726509094238
0.07554173469543457
0.07536721229553223
0.07535171508789062
0.07534170150756836
0.07573103904724121
0.07547712326049805
0.07561087608337402
0.07536077499389648
0.07531619071960449
0.07550859451293945
0.07554221153259277
0.07559061050415039
0.07583212852478027
0.07533812522888184
0.07556581497192383
0.07551741600036621
0.07533788681030273
0.07547807693481445
0.07549095153808594
0.0756523609161377
0.07532978057861328
0.07540583610534668
0.07561516761779785
0.07559370994567871
0.07516026496887207
0.07520341873168945
0.07520341873168945
0.07510948181152344
0.07510972023010254
0.07541251182556152
0.0752251148223877
0.07523274421691895
0.07517457008361816
0.07532858848571777
0.07526683807373047
0.07542109489440918
0.07520365715026855
0.0756380558013916
0.07523632049560547
0.0758976936340332
0.07529473304748535
0.07542681694030762
0.07512712478637695
0.07539176940917969
0.07597613334655762
0.07531595230102539
0.07534933090209961
0.07537364959716797
0.07537412643432617
0.0754091739654541
0.07564425468444824
0.07541394233703613
0.07739472389221191
0.07529568672180176
0.07533693313598633
0.07542848587036133
0.07541441917419434
0.07552909851074219
0.07546591758728027
0.07564520835876465
0.07548999786376953
0.07559347152709961
0.07566380500793457
0.07570219039916992
0.0756831169128418
0.07594537734985352
0.07552933692932129
0.0757436752319336
0.07543444633483887
0.07579398155212402
0.07556533813476562
0.07566547393798828
0.07882928848266602
0.07534337043762207
0.07505059242248535
0.07477641105651855
0.0748295783996582
0.07484745979309082
0.07477426528930664
0.07471799850463867
0.0748741626739502
0.0774538516998291
0.0751028060913086
0.07708907127380371
0.0745840072631836
0.07472348213195801
0.0748748779296875
0.07477760314941406
0.07471728324890137
0.07478880882263184
0.07480788230895996
0.07503151893615723
0.07487869262695312
0.0748453140258789
0.07463598251342773
0.07490110397338867
0.07477521896362305
0.0745537281036377
0.07468032836914062
0.0747213363647461
0.07465481758117676
0.0747213363647461
0.07486629486083984
0.07497286796569824
0.07532286643981934
0.07483839988708496
0.07464361190795898
0.07470917701721191
0.0746314525604248
0.07465410232543945
0.0747842788696289
0.07500600814819336
0.07464361190795898
0.07474446296691895
0.07457184791564941
0.07465791702270508
0.07474303245544434
0.0746314525604248
0.07495617866516113
0.07476973533630371
0.07512688636779785
0.07476449012756348
0.07463765144348145
0.07492733001708984
0.0748133659362793
0.0749061107635498
0.07457423210144043
0.07472014427185059
0.07483530044555664
0.07509112358093262
0.07497477531433105
0.074798583984375
0.07492399215698242
0.07488656044006348
0.07463955879211426
0.07488059997558594
0.07472896575927734
0.0748598575592041
0.07549810409545898
0.0747072696685791
0.0746316909790039
0.07450199127197266
0.07499027252197266
0.0746612548828125
0.07509708404541016
0.0747365951538086
0.07467460632324219
0.07468795776367188
0.07477283477783203
0.07460331916809082
0.07486796379089355
0.0746307373046875
0.07473421096801758
0.07465338706970215
0.07456517219543457
0.0748298168182373
0.07487821578979492
0.07490921020507812
0.07491636276245117
0.07498669624328613
0.0749061107635498
0.07458806037902832
0.0748143196105957
0.07457375526428223
0.07467198371887207
0.07464122772216797
0.07808589935302734
0.07476186752319336
0.07460951805114746
0.07468461990356445
0.07470107078552246
0.07465624809265137
0.07486200332641602
0.0766456127166748
0.07485151290893555
0.07493257522583008
0.07498049736022949
0.07487249374389648
0.07491803169250488
0.07472538948059082
0.07477116584777832
0.07488870620727539
0.07491040229797363
0.07459688186645508
0.07461285591125488
0.07488560676574707
0.07501745223999023
0.07463955879211426
0.07499504089355469
0.07475543022155762
0.07486319541931152
0.07487034797668457
0.07473063468933105
0.07476925849914551
0.07475161552429199
0.07476997375488281
0.07482695579528809
0.07474350929260254
0.07468676567077637
0.07460975646972656
0.07516074180603027
0.07773232460021973
0.07470130920410156
0.07482075691223145
0.07487821578979492
0.07504796981811523
0.07467246055603027
0.08212494850158691
0.07489538192749023
0.07471466064453125
0.07468223571777344
0.07503819465637207
0.07456803321838379
0.07456707954406738
0.07496070861816406
0.07487082481384277
0.07480788230895996
0.07465553283691406
0.07468295097351074
0.07463407516479492
0.07456231117248535
0.07477140426635742
0.07484555244445801
0.07474732398986816
0.0755002498626709
0.07471442222595215
0.07573080062866211
0.07471704483032227
0.0750579833984375
0.07492756843566895
0.07457971572875977
0.07471132278442383
0.07469511032104492
0.07471418380737305
0.07472586631774902
0.07498455047607422
0.07475805282592773
0.0747060775756836
0.07476973533630371
0.07486128807067871
0.07465600967407227
0.0747382640838623
0.07493877410888672
0.0746316909790039
0.07472014427185059
0.07462763786315918
0.07452201843261719
0.0747981071472168
0.07483148574829102
0.07511019706726074
0.07455039024353027
0.07494401931762695
0.07483983039855957
0.0746307373046875
0.07506990432739258
0.07518959045410156
0.07474517822265625
0.07485699653625488
0.07475757598876953
0.07468080520629883
0.07457733154296875
0.07477927207946777
0.07464718818664551
0.07471370697021484
0.07481241226196289
0.07492518424987793
0.07457947731018066
0.07518553733825684
0.07497787475585938
0.07972311973571777
0.0741267204284668
0.07488751411437988
0.07456278800964355
0.07460141181945801
0.07484126091003418
0.07470488548278809
0.08212423324584961
0.0749213695526123
0.07464480400085449
0.07479500770568848
0.07480764389038086
0.07480907440185547
0.07476377487182617
0.07468748092651367
0.07475399971008301
0.07662415504455566
0.07470464706420898
0.07460713386535645
0.07489371299743652
0.07483744621276855
0.07492780685424805
0.07473134994506836
0.07550239562988281
0.07484149932861328
0.07477307319641113
0.07490921020507812
0.0748448371887207
0.07491254806518555
0.07500457763671875
0.0748286247253418
0.07517719268798828
0.07475447654724121
0.0746607780456543
0.07487940788269043
0.07482123374938965
0.07474279403686523
0.07499837875366211
0.07482218742370605
0.07477426528930664
0.07477545738220215
0.07479429244995117
0.07535696029663086
0.07469463348388672
0.07468056678771973
0.07506203651428223
0.07477378845214844
0.07466387748718262
0.07448077201843262
0.07511210441589355
0.07478451728820801
0.0746614933013916
0.07491469383239746
0.07474112510681152
0.07472658157348633
0.07550764083862305
0.07480955123901367
0.07480764389038086
0.0748443603515625
0.07516360282897949
0.07482647895812988
0.07472372055053711
0.07470059394836426
0.07486248016357422
0.07493758201599121
0.07509088516235352
0.07477498054504395
0.07477998733520508
0.07483148574829102
0.07470536231994629
0.07485461235046387
0.07456612586975098
0.07454919815063477
0.07491707801818848
0.07474756240844727
0.07489371299743652
0.0746457576751709
0.07458615303039551
0.07454109191894531
0.07456231117248535
0.07484626770019531
0.07487297058105469
0.07476568222045898
0.074951171875
0.0746312141418457
0.07467341423034668
0.07499861717224121
